Listing of Grid Distortion Data

File : ...
Title: EELT Optical System Specification
Date : ...


Units are Millimeters.
Field units are degrees
Wavelength: 1.00000 µm
Reference Coordinates: Xref = 0.00000E+000, Yref = 0.00000E+000

   i    j       X-Field       Y-Field       R-Field   Predicted X   Predicted Y        Real X        Real Y     Distortion
  -6   -6 -7.50000E-003 -7.50000E-003  1.06066E-002 -8.95381E+001 -8.95381E+001 -8.91781E+001 -8.96245E+001     -0.001%
  -6   -5 -7.50000E-003 -6.25000E-003  9.76281E-003 -8.95381E+001 -7.46151E+001 -8.91781E+001 -7.46501E+001     -0.001%
  -6   -4 -7.50000E-003 -5.00000E-003  9.01388E-003 -8.95381E+001 -5.96921E+001 -8.91781E+001 -5.96985E+001     -0.001%
  -6   -3 -7.50000E-003 -3.75000E-003  8.38525E-003 -8.95381E+001 -4.47691E+001 -8.91781E+001 -4.47636E+001     -0.001%
  -6   -2 -7.50000E-003 -2.50000E-003  7.90569E-003 -8.95381E+001 -2.98460E+001 -8.91781E+001 -2.98396E+001     -0.001%
  -6   -1 -7.50000E-003 -1.25000E-003  7.60345E-003 -8.95381E+001 -1.49230E+001 -8.91781E+001 -1.49204E+001     -0.001%
  -6    0 -7.50000E-003  0.00000E+000  7.50000E-003 -8.95381E+001  0.00000E+000 -8.91781E+001  0.00000E+000     -0.001%
  -6    1 -7.50000E-003  1.25000E-003  7.60345E-003 -8.95381E+001  1.49230E+001 -8.91781E+001  1.49276E+001     -0.001%
  -6    2 -7.50000E-003  2.50000E-003  7.90569E-003 -8.95381E+001  2.98460E+001 -8.91781E+001  2.98684E+001     -0.001%
  -6    3 -7.50000E-003  3.75000E-003  8.38525E-003 -8.95381E+001  4.47691E+001 -8.91781E+001  4.48285E+001     -0.001%
  -6    4 -7.50000E-003  5.00000E-003  9.01388E-003 -8.95381E+001  5.96921E+001 -8.91781E+001  5.98137E+001     -0.001%
  -6    5 -7.50000E-003  6.25000E-003  9.76281E-003 -8.95381E+001  7.46151E+001 -8.91781E+001  7.48301E+001     -0.001%
  -6    6 -7.50000E-003  7.50000E-003  1.06066E-002 -8.95381E+001  8.95381E+001 -8.91781E+001  8.98837E+001     -0.001%
  -5   -6 -6.25000E-003 -7.50000E-003  9.76281E-003 -7.46151E+001 -8.95381E+001 -7.43651E+001 -8.96641E+001     -0.001%
  -5   -5 -6.25000E-003 -6.25000E-003  8.83883E-003 -7.46151E+001 -7.46151E+001 -7.43651E+001 -7.46776E+001     -0.001%
  -5   -4 -6.25000E-003 -5.00000E-003  8.00391E-003 -7.46151E+001 -5.96921E+001 -7.43651E+001 -5.97161E+001     -0.001%
  -5   -3 -6.25000E-003 -3.75000E-003  7.28869E-003 -7.46151E+001 -4.47691E+001 -7.43651E+001 -4.47736E+001     -0.001%
  -5   -2 -6.25000E-003 -2.50000E-003  6.73146E-003 -7.46151E+001 -2.98460E+001 -7.43651E+001 -2.98440E+001     -0.001%
  -5   -1 -6.25000E-003 -1.25000E-003  6.37377E-003 -7.46151E+001 -1.49230E+001 -7.43651E+001 -1.49215E+001     -0.001%
  -5    0 -6.25000E-003  0.00000E+000  6.25000E-003 -7.46151E+001  0.00000E+000 -7.43651E+001  0.00000E+000     -0.001%
  -5    1 -6.25000E-003  1.25000E-003  6.37377E-003 -7.46151E+001  1.49230E+001 -7.43651E+001  1.49265E+001     -0.001%
  -5    2 -6.25000E-003  2.50000E-003  6.73146E-003 -7.46151E+001  2.98460E+001 -7.43651E+001  2.98640E+001     -0.001%
  -5    3 -6.25000E-003  3.75000E-003  7.28869E-003 -7.46151E+001  4.47691E+001 -7.43651E+001  4.48186E+001     -0.001%
  -5    4 -6.25000E-003  5.00000E-003  8.00391E-003 -7.46151E+001  5.96921E+001 -7.43651E+001  5.97961E+001     -0.001%
  -5    5 -6.25000E-003  6.25000E-003  8.83883E-003 -7.46151E+001  7.46151E+001 -7.43651E+001  7.48026E+001     -0.001%
  -5    6 -6.25000E-003  7.50000E-003  9.76281E-003 -7.46151E+001  8.95381E+001 -7.43651E+001  8.98441E+001     -0.001%
  -4   -6 -5.00000E-003 -7.50000E-003  9.01388E-003 -5.96921E+001 -8.95381E+001 -5.95321E+001 -8.96965E+001     -0.001%
  -4   -5 -5.00000E-003 -6.25000E-003  8.00391E-003 -5.96921E+001 -7.46151E+001 -5.95321E+001 -7.47001E+001     -0.001%
  -4   -4 -5.00000E-003 -5.00000E-003  7.07107E-003 -5.96921E+001 -5.96921E+001 -5.95321E+001 -5.97305E+001     -0.001%
  -4   -3 -5.00000E-003 -3.75000E-003  6.25000E-003 -5.96921E+001 -4.47691E+001 -5.95321E+001 -4.47816E+001     -0.001%
  -4   -2 -5.00000E-003 -2.50000E-003  5.59017E-003 -5.96921E+001 -2.98460E+001 -5.95321E+001 -2.98476E+001     -0.001%
  -4   -1 -5.00000E-003 -1.25000E-003  5.15388E-003 -5.96921E+001 -1.49230E+001 -5.95321E+001 -1.49224E+001     -0.001%
  -4    0 -5.00000E-003  0.00000E+000  5.00000E-003 -5.96921E+001  0.00000E+000 -5.95321E+001  0.00000E+000     -0.001%
  -4    1 -5.00000E-003  1.25000E-003  5.15388E-003 -5.96921E+001  1.49230E+001 -5.95321E+001  1.49256E+001     -0.001%
  -4    2 -5.00000E-003  2.50000E-003  5.59017E-003 -5.96921E+001  2.98460E+001 -5.95321E+001  2.98604E+001     -0.001%
  -4    3 -5.00000E-003  3.75000E-003  6.25000E-003 -5.96921E+001  4.47691E+001 -5.95321E+001  4.48105E+001     -0.001%
  -4    4 -5.00000E-003  5.00000E-003  7.07107E-003 -5.96921E+001  5.96921E+001 -5.95321E+001  5.97817E+001     -0.001%
  -4    5 -5.00000E-003  6.25000E-003  8.00391E-003 -5.96921E+001  7.46151E+001 -5.95321E+001  7.47801E+001     -0.001%
  -4    6 -5.00000E-003  7.50000E-003  9.01388E-003 -5.96921E+001  8.95381E+001 -5.95321E+001  8.98117E+001     -0.001%
  -3   -6 -3.75000E-003 -7.50000E-003  8.38525E-003 -4.47691E+001 -8.95381E+001 -4.46790E+001 -8.97217E+001     -0.001%
  -3   -5 -3.75000E-003 -6.25000E-003  7.28869E-003 -4.47691E+001 -7.46151E+001 -4.46790E+001 -7.47176E+001     -0.001%
  -3   -4 -3.75000E-003 -5.00000E-003  6.25000E-003 -4.47691E+001 -5.96921E+001 -4.46790E+001 -5.97417E+001     -0.001%
  -3   -3 -3.75000E-003 -3.75000E-003  5.30330E-003 -4.47691E+001 -4.47691E+001 -4.46790E+001 -4.47880E+001     -0.001%
  -3   -2 -3.75000E-003 -2.50000E-003  4.50694E-003 -4.47691E+001 -2.98460E+001 -4.46790E+001 -2.98504E+001     -0.001%
  -3   -1 -3.75000E-003 -1.25000E-003  3.95285E-003 -4.47691E+001 -1.49230E+001 -4.46790E+001 -1.49231E+001     -0.001%
  -3    0 -3.75000E-003  0.00000E+000  3.75000E-003 -4.47691E+001  0.00000E+000 -4.46790E+001  0.00000E+000     -0.001%
  -3    1 -3.75000E-003  1.25000E-003  3.95285E-003 -4.47691E+001  1.49230E+001 -4.46790E+001  1.49249E+001     -0.001%
  -3    2 -3.75000E-003  2.50000E-003  4.50694E-003 -4.47691E+001  2.98460E+001 -4.46790E+001  2.98576E+001     -0.001%
  -3    3 -3.75000E-003  3.75000E-003  5.30330E-003 -4.47691E+001  4.47691E+001 -4.46790E+001  4.48041E+001     -0.001%
  -3    4 -3.75000E-003  5.00000E-003  6.25000E-003 -4.47691E+001  5.96921E+001 -4.46790E+001  5.97705E+001     -0.001%
  -3    5 -3.75000E-003  6.25000E-003  7.28869E-003 -4.47691E+001  7.46151E+001 -4.46790E+001  7.47626E+001     -0.001%
  -3    6 -3.75000E-003  7.50000E-003  8.38525E-003 -4.47691E+001  8.95381E+001 -4.46790E+001  8.97865E+001     -0.001%
  -2   -6 -2.50000E-003 -7.50000E-003  7.90569E-003 -2.98460E+001 -8.95381E+001 -2.98060E+001 -8.97397E+001     -0.001%
  -2   -5 -2.50000E-003 -6.25000E-003  6.73146E-003 -2.98460E+001 -7.46151E+001 -2.98060E+001 -7.47301E+001     -0.001%
  -2   -4 -2.50000E-003 -5.00000E-003  5.59017E-003 -2.98460E+001 -5.96921E+001 -2.98060E+001 -5.97497E+001     -0.001%
  -2   -3 -2.50000E-003 -3.75000E-003  4.50694E-003 -2.98460E+001 -4.47691E+001 -2.98060E+001 -4.47925E+001     -0.001%
  -2   -2 -2.50000E-003 -2.50000E-003  3.53553E-003 -2.98460E+001 -2.98460E+001 -2.98060E+001 -2.98524E+001     -0.001%
  -2   -1 -2.50000E-003 -1.25000E-003  2.79508E-003 -2.98460E+001 -1.49230E+001 -2.98060E+001 -1.49236E+001     -0.001%
  -2    0 -2.50000E-003  0.00000E+000  2.50000E-003 -2.98460E+001  0.00000E+000 -2.98060E+001  0.00000E+000     -0.001%
  -2    1 -2.50000E-003  1.25000E-003  2.79508E-003 -2.98460E+001  1.49230E+001 -2.98060E+001  1.49244E+001     -0.001%
  -2    2 -2.50000E-003  2.50000E-003  3.53553E-003 -2.98460E+001  2.98460E+001 -2.98060E+001  2.98556E+001     -0.001%
  -2    3 -2.50000E-003  3.75000E-003  4.50694E-003 -2.98460E+001  4.47691E+001 -2.98060E+001  4.47996E+001     -0.001%
  -2    4 -2.50000E-003  5.00000E-003  5.59017E-003 -2.98460E+001  5.96921E+001 -2.98060E+001  5.97625E+001     -0.001%
  -2    5 -2.50000E-003  6.25000E-003  6.73146E-003 -2.98460E+001  7.46151E+001 -2.98060E+001  7.47501E+001     -0.001%
  -2    6 -2.50000E-003  7.50000E-003  7.90569E-003 -2.98460E+001  8.95381E+001 -2.98060E+001  8.97685E+001     -0.001%
  -1   -6 -1.25000E-003 -7.50000E-003  7.60345E-003 -1.49230E+001 -8.95381E+001 -1.49130E+001 -8.97505E+001     -0.001%
  -1   -5 -1.25000E-003 -6.25000E-003  6.37377E-003 -1.49230E+001 -7.46151E+001 -1.49130E+001 -7.47376E+001     -0.001%
  -1   -4 -1.25000E-003 -5.00000E-003  5.15388E-003 -1.49230E+001 -5.96921E+001 -1.49130E+001 -5.97545E+001     -0.001%
  -1   -3 -1.25000E-003 -3.75000E-003  3.95285E-003 -1.49230E+001 -4.47691E+001 -1.49130E+001 -4.47951E+001     -0.001%
  -1   -2 -1.25000E-003 -2.50000E-003  2.79508E-003 -1.49230E+001 -2.98460E+001 -1.49130E+001 -2.98536E+001     -0.001%
  -1   -1 -1.25000E-003 -1.25000E-003  1.76777E-003 -1.49230E+001 -1.49230E+001 -1.49130E+001 -1.49239E+001     -0.001%
  -1    0 -1.25000E-003  0.00000E+000  1.25000E-003 -1.49230E+001  0.00000E+000 -1.49130E+001  0.00000E+000     -0.001%
  -1    1 -1.25000E-003  1.25000E-003  1.76777E-003 -1.49230E+001  1.49230E+001 -1.49130E+001  1.49241E+001     -0.001%
  -1    2 -1.25000E-003  2.50000E-003  2.79508E-003 -1.49230E+001  2.98460E+001 -1.49130E+001  2.98544E+001     -0.001%
  -1    3 -1.25000E-003  3.75000E-003  3.95285E-003 -1.49230E+001  4.47691E+001 -1.49130E+001  4.47970E+001     -0.001%
  -1    4 -1.25000E-003  5.00000E-003  5.15388E-003 -1.49230E+001  5.96921E+001 -1.49130E+001  5.97577E+001     -0.001%
  -1    5 -1.25000E-003  6.25000E-003  6.37377E-003 -1.49230E+001  7.46151E+001 -1.49130E+001  7.47426E+001     -0.001%
  -1    6 -1.25000E-003  7.50000E-003  7.60345E-003 -1.49230E+001  8.95381E+001 -1.49130E+001  8.97577E+001     -0.001%
   0   -6  0.00000E+000 -7.50000E-003  7.50000E-003  0.00000E+000 -8.95381E+001  0.00000E+000 -8.97541E+001     -0.001%
   0   -5  0.00000E+000 -6.25000E-003  6.25000E-003  0.00000E+000 -7.46151E+001  0.00000E+000 -7.47401E+001     -0.001%
   0   -4  0.00000E+000 -5.00000E-003  5.00000E-003  0.00000E+000 -5.96921E+001  0.00000E+000 -5.97561E+001     -0.001%
   0   -3  0.00000E+000 -3.75000E-003  3.75000E-003  0.00000E+000 -4.47691E+001  0.00000E+000 -4.47961E+001     -0.001%
   0   -2  0.00000E+000 -2.50000E-003  2.50000E-003  0.00000E+000 -2.98460E+001  0.00000E+000 -2.98540E+001     -0.001%
   0   -1  0.00000E+000 -1.25000E-003  1.25000E-003  0.00000E+000 -1.49230E+001  0.00000E+000 -1.49240E+001     -0.001%
   0    0  0.00000E+000  0.00000E+000  0.00000E+000  0.00000E+000  0.00000E+000  0.00000E+000  0.00000E+000     -0.001%
   0    1  0.00000E+000  1.25000E-003  1.25000E-003  0.00000E+000  1.49230E+001  0.00000E+000  1.49240E+001     -0.001%
   0    2  0.00000E+000  2.50000E-003  2.50000E-003  0.00000E+000  2.98460E+001  0.00000E+000  2.98540E+001     -0.001%
   0    3  0.00000E+000  3.75000E-003  3.75000E-003  0.00000E+000  4.47691E+001  0.00000E+000  4.47961E+001     -0.001%
   0    4  0.00000E+000  5.00000E-003  5.00000E-003  0.00000E+000  5.96921E+001  0.00000E+000  5.97561E+001     -0.001%
   0    5  0.00000E+000  6.25000E-003  6.25000E-003  0.00000E+000  7.46151E+001  0.00000E+000  7.47401E+001     -0.001%
   0    6  0.00000E+000  7.50000E-003  7.50000E-003  0.00000E+000  8.95381E+001  0.00000E+000  8.97541E+001     -0.001%
   1   -6  1.25000E-003 -7.50000E-003  7.60345E-003  1.49230E+001 -8.95381E+001  1.49330E+001 -8.97505E+001     -0.001%
   1   -5  1.25000E-003 -6.25000E-003  6.37377E-003  1.49230E+001 -7.46151E+001  1.49330E+001 -7.47376E+001     -0.001%
   1   -4  1.25000E-003 -5.00000E-003  5.15388E-003  1.49230E+001 -5.96921E+001  1.49330E+001 -5.97545E+001     -0.001%
   1   -3  1.25000E-003 -3.75000E-003  3.95285E-003  1.49230E+001 -4.47691E+001  1.49330E+001 -4.47951E+001     -0.001%
   1   -2  1.25000E-003 -2.50000E-003  2.79508E-003  1.49230E+001 -2.98460E+001  1.49330E+001 -2.98536E+001     -0.001%
   1   -1  1.25000E-003 -1.25000E-003  1.76777E-003  1.49230E+001 -1.49230E+001  1.49330E+001 -1.49239E+001     -0.001%
   1    0  1.25000E-003  0.00000E+000  1.25000E-003  1.49230E+001  0.00000E+000  1.49330E+001  0.00000E+000     -0.001%
   1    1  1.25000E-003  1.25000E-003  1.76777E-003  1.49230E+001  1.49230E+001  1.49330E+001  1.49241E+001     -0.001%
   1    2  1.25000E-003  2.50000E-003  2.79508E-003  1.49230E+001  2.98460E+001  1.49330E+001  2.98544E+001     -0.001%
   1    3  1.25000E-003  3.75000E-003  3.95285E-003  1.49230E+001  4.47691E+001  1.49330E+001  4.47970E+001     -0.001%
   1    4  1.25000E-003  5.00000E-003  5.15388E-003  1.49230E+001  5.96921E+001  1.49330E+001  5.97577E+001     -0.001%
   1    5  1.25000E-003  6.25000E-003  6.37377E-003  1.49230E+001  7.46151E+001  1.49330E+001  7.47426E+001     -0.001%
   1    6  1.25000E-003  7.50000E-003  7.60345E-003  1.49230E+001  8.95381E+001  1.49330E+001  8.97577E+001     -0.001%
   2   -6  2.50000E-003 -7.50000E-003  7.90569E-003  2.98460E+001 -8.95381E+001  2.98860E+001 -8.97397E+001     -0.001%
   2   -5  2.50000E-003 -6.25000E-003  6.73146E-003  2.98460E+001 -7.46151E+001  2.98860E+001 -7.47301E+001     -0.001%
   2   -4  2.50000E-003 -5.00000E-003  5.59017E-003  2.98460E+001 -5.96921E+001  2.98860E+001 -5.97497E+001     -0.001%
   2   -3  2.50000E-003 -3.75000E-003  4.50694E-003  2.98460E+001 -4.47691E+001  2.98860E+001 -4.47925E+001     -0.001%
   2   -2  2.50000E-003 -2.50000E-003  3.53553E-003  2.98460E+001 -2.98460E+001  2.98860E+001 -2.98524E+001     -0.001%
   2   -1  2.50000E-003 -1.25000E-003  2.79508E-003  2.98460E+001 -1.49230E+001  2.98860E+001 -1.49236E+001     -0.001%
   2    0  2.50000E-003  0.00000E+000  2.50000E-003  2.98460E+001  0.00000E+000  2.98860E+001  0.00000E+000     -0.001%
   2    1  2.50000E-003  1.25000E-003  2.79508E-003  2.98460E+001  1.49230E+001  2.98860E+001  1.49244E+001     -0.001%
   2    2  2.50000E-003  2.50000E-003  3.53553E-003  2.98460E+001  2.98460E+001  2.98860E+001  2.98556E+001     -0.001%
   2    3  2.50000E-003  3.75000E-003  4.50694E-003  2.98460E+001  4.47691E+001  2.98860E+001  4.47996E+001     -0.001%
   2    4  2.50000E-003  5.00000E-003  5.59017E-003  2.98460E+001  5.96921E+001  2.98860E+001  5.97625E+001     -0.001%
   2    5  2.50000E-003  6.25000E-003  6.73146E-003  2.98460E+001  7.46151E+001  2.98860E+001  7.47501E+001     -0.001%
   2    6  2.50000E-003  7.50000E-003  7.90569E-003  2.98460E+001  8.95381E+001  2.98860E+001  8.97685E+001     -0.001%
   3   -6  3.75000E-003 -7.50000E-003  8.38525E-003  4.47691E+001 -8.95381E+001  4.48591E+001 -8.97217E+001     -0.001%
   3   -5  3.75000E-003 -6.25000E-003  7.28869E-003  4.47691E+001 -7.46151E+001  4.48591E+001 -7.47176E+001     -0.001%
   3   -4  3.75000E-003 -5.00000E-003  6.25000E-003  4.47691E+001 -5.96921E+001  4.48591E+001 -5.97417E+001     -0.001%
   3   -3  3.75000E-003 -3.75000E-003  5.30330E-003  4.47691E+001 -4.47691E+001  4.48591E+001 -4.47880E+001     -0.001%
   3   -2  3.75000E-003 -2.50000E-003  4.50694E-003  4.47691E+001 -2.98460E+001  4.48591E+001 -2.98504E+001     -0.001%
   3   -1  3.75000E-003 -1.25000E-003  3.95285E-003  4.47691E+001 -1.49230E+001  4.48591E+001 -1.49231E+001     -0.001%
   3    0  3.75000E-003  0.00000E+000  3.75000E-003  4.47691E+001  0.00000E+000  4.48591E+001  0.00000E+000     -0.001%
   3    1  3.75000E-003  1.25000E-003  3.95285E-003  4.47691E+001  1.49230E+001  4.48591E+001  1.49249E+001     -0.001%
   3    2  3.75000E-003  2.50000E-003  4.50694E-003  4.47691E+001  2.98460E+001  4.48591E+001  2.98576E+001     -0.001%
   3    3  3.75000E-003  3.75000E-003  5.30330E-003  4.47691E+001  4.47691E+001  4.48591E+001  4.48041E+001     -0.001%
   3    4  3.75000E-003  5.00000E-003  6.25000E-003  4.47691E+001  5.96921E+001  4.48591E+001  5.97705E+001     -0.001%
   3    5  3.75000E-003  6.25000E-003  7.28869E-003  4.47691E+001  7.46151E+001  4.48591E+001  7.47626E+001     -0.001%
   3    6  3.75000E-003  7.50000E-003  8.38525E-003  4.47691E+001  8.95381E+001  4.48591E+001  8.97865E+001     -0.001%
   4   -6  5.00000E-003 -7.50000E-003  9.01388E-003  5.96921E+001 -8.95381E+001  5.98521E+001 -8.96965E+001     -0.001%
   4   -5  5.00000E-003 -6.25000E-003  8.00391E-003  5.96921E+001 -7.46151E+001  5.98521E+001 -7.47001E+001     -0.001%
   4   -4  5.00000E-003 -5.00000E-003  7.07107E-003  5.96921E+001 -5.96921E+001  5.98521E+001 -5.97305E+001     -0.001%
   4   -3  5.00000E-003 -3.75000E-003  6.25000E-003  5.96921E+001 -4.47691E+001  5.98521E+001 -4.47816E+001     -0.001%
   4   -2  5.00000E-003 -2.50000E-003  5.59017E-003  5.96921E+001 -2.98460E+001  5.98521E+001 -2.98476E+001     -0.001%
   4   -1  5.00000E-003 -1.25000E-003  5.15388E-003  5.96921E+001 -1.49230E+001  5.98521E+001 -1.49224E+001     -0.001%
   4    0  5.00000E-003  0.00000E+000  5.00000E-003  5.96921E+001  0.00000E+000  5.98521E+001  0.00000E+000     -0.001%
   4    1  5.00000E-003  1.25000E-003  5.15388E-003  5.96921E+001  1.49230E+001  5.98521E+001  1.49256E+001     -0.001%
   4    2  5.00000E-003  2.50000E-003  5.59017E-003  5.96921E+001  2.98460E+001  5.98521E+001  2.98604E+001     -0.001%
   4    3  5.00000E-003  3.75000E-003  6.25000E-003  5.96921E+001  4.47691E+001  5.98521E+001  4.48105E+001     -0.001%
   4    4  5.00000E-003  5.00000E-003  7.07107E-003  5.96921E+001  5.96921E+001  5.98521E+001  5.97817E+001     -0.001%
   4    5  5.00000E-003  6.25000E-003  8.00391E-003  5.96921E+001  7.46151E+001  5.98521E+001  7.47801E+001     -0.001%
   4    6  5.00000E-003  7.50000E-003  9.01388E-003  5.96921E+001  8.95381E+001  5.98521E+001  8.98117E+001     -0.001%
   5   -6  6.25000E-003 -7.50000E-003  9.76281E-003  7.46151E+001 -8.95381E+001  7.48651E+001 -8.96641E+001     -0.001%
   5   -5  6.25000E-003 -6.25000E-003  8.83883E-003  7.46151E+001 -7.46151E+001  7.48651E+001 -7.46776E+001     -0.001%
   5   -4  6.25000E-003 -5.00000E-003  8.00391E-003  7.46151E+001 -5.96921E+001  7.48651E+001 -5.97161E+001     -0.001%
   5   -3  6.25000E-003 -3.75000E-003  7.28869E-003  7.46151E+001 -4.47691E+001  7.48651E+001 -4.47736E+001     -0.001%
   5   -2  6.25000E-003 -2.50000E-003  6.73146E-003  7.46151E+001 -2.98460E+001  7.48651E+001 -2.98440E+001     -0.001%
   5   -1  6.25000E-003 -1.25000E-003  6.37377E-003  7.46151E+001 -1.49230E+001  7.48651E+001 -1.49215E+001     -0.001%
   5    0  6.25000E-003  0.00000E+000  6.25000E-003  7.46151E+001  0.00000E+000  7.48651E+001  0.00000E+000     -0.001%
   5    1  6.25000E-003  1.25000E-003  6.37377E-003  7.46151E+001  1.49230E+001  7.48651E+001  1.49265E+001     -0.001%
   5    2  6.25000E-003  2.50000E-003  6.73146E-003  7.46151E+001  2.98460E+001  7.48651E+001  2.98640E+001     -0.001%
   5    3  6.25000E-003  3.75000E-003  7.28869E-003  7.46151E+001  4.47691E+001  7.48651E+001  4.48186E+001     -0.001%
   5    4  6.25000E-003  5.00000E-003  8.00391E-003  7.46151E+001  5.96921E+001  7.48651E+001  5.97961E+001     -0.001%
   5    5  6.25000E-003  6.25000E-003  8.83883E-003  7.46151E+001  7.46151E+001  7.48651E+001  7.48026E+001     -0.001%
   5    6  6.25000E-003  7.50000E-003  9.76281E-003  7.46151E+001  8.95381E+001  7.48651E+001  8.98441E+001     -0.001%
   6   -6  7.50000E-003 -7.50000E-003  1.06066E-002  8.95381E+001 -8.95381E+001  8.98981E+001 -8.96245E+001     -0.001%
   6   -5  7.50000E-003 -6.25000E-003  9.76281E-003  8.95381E+001 -7.46151E+001  8.98981E+001 -7.46501E+001     -0.001%
   6   -4  7.50000E-003 -5.00000E-003  9.01388E-003  8.95381E+001 -5.96921E+001  8.98981E+001 -5.96985E+001     -0.001%
   6   -3  7.50000E-003 -3.75000E-003  8.38525E-003  8.95381E+001 -4.47691E+001  8.98981E+001 -4.47636E+001     -0.001%
   6   -2  7.50000E-003 -2.50000E-003  7.90569E-003  8.95381E+001 -2.98460E+001  8.98981E+001 -2.98396E+001     -0.001%
   6   -1  7.50000E-003 -1.25000E-003  7.60345E-003  8.95381E+001 -1.49230E+001  8.98981E+001 -1.49204E+001     -0.001%
   6    0  7.50000E-003  0.00000E+000  7.50000E-003  8.95381E+001  0.00000E+000  8.98981E+001  0.00000E+000     -0.001%
   6    1  7.50000E-003  1.25000E-003  7.60345E-003  8.95381E+001  1.49230E+001  8.98981E+001  1.49276E+001     -0.001%
   6    2  7.50000E-003  2.50000E-003  7.90569E-003  8.95381E+001  2.98460E+001  8.98981E+001  2.98684E+001     -0.001%
   6    3  7.50000E-003  3.75000E-003  8.38525E-003  8.95381E+001  4.47691E+001  8.98981E+001  4.48285E+001     -0.001%
   6    4  7.50000E-003  5.00000E-003  9.01388E-003  8.95381E+001  5.96921E+001  8.98981E+001  5.98137E+001     -0.001%
   6    5  7.50000E-003  6.25000E-003  9.76281E-003  8.95381E+001  7.46151E+001  8.98981E+001  7.48301E+001     -0.001%
   6    6  7.50000E-003  7.50000E-003  1.06066E-002  8.95381E+001  8.95381E+001  8.98981E+001  8.98837E+001     -0.001%

Maximum distortion: -0.0021%
Predicted coordinate ABCD matrix:
A =    3.84e+005
B =            0
C =            0
D =    6.84e+005

SMIA TV Distortion -0.0011%
